0 0.061667 0.720893 0.115000 0.360447
0 0.169167 0.642743 0.118333 0.417863
0 0.244583 0.748804 0.095833 0.307815
0 0.310833 0.594099 0.125000 0.470494
0 0.354167 0.782297 0.108333 0.256778
0 0.409167 0.452153 0.098333 0.677831
0 0.454583 0.699362 0.102500 0.460925
0 0.536250 0.487241 0.129167 0.738437
0 0.560417 0.771132 0.102500 0.295056
0 0.639167 0.815789 0.068333 0.212121
0 0.654583 0.612440 0.142500 0.596491
0 0.711250 0.480064 0.100833 0.628389
0 0.787500 0.748006 0.121667 0.344498
0 0.822083 0.631579 0.117500 0.484848
0 0.921250 0.704147 0.114167 0.409888
